name: dwave_env
channels:
  - conda-forge
  - defaults
dependencies:
  - asttokens=2.4.1=pyhd8ed1ab_0
  - bzip2=1.0.8=hcfcfb64_5
  - ca-certificates=2024.2.2=h56e8100_0
  - colorama=0.4.6=pyhd8ed1ab_0
  - comm=0.2.2=pyhd8ed1ab_0
  - debugpy=1.8.1=py312h53d5487_0
  - decorator=5.1.1=pyhd8ed1ab_0
  - exceptiongroup=1.2.0=pyhd8ed1ab_2
  - executing=2.0.1=pyhd8ed1ab_0
  - importlib-metadata=7.1.0=pyha770c72_0
  - importlib_metadata=7.1.0=hd8ed1ab_0
  - ipykernel=6.29.3=pyha63f2e9_0
  - ipython=8.22.2=pyh7428d3b_0
  - jedi=0.19.1=pyhd8ed1ab_0
  - jupyter_client=8.6.1=pyhd8ed1ab_0
  - jupyter_core=5.7.2=py312h2e8e312_0
  - libexpat=2.6.2=h63175ca_0
  - libffi=3.4.2=h8ffe710_5
  - libsodium=1.0.18=h8d14728_1
  - libsqlite=3.45.3=hcfcfb64_0
  - libzlib=1.2.13=hcfcfb64_5
  - matplotlib-inline=0.1.7=pyhd8ed1ab_0
  - nest-asyncio=1.6.0=pyhd8ed1ab_0
  - openssl=3.2.1=hcfcfb64_1
  - packaging=24.0=pyhd8ed1ab_0
  - parso=0.8.4=pyhd8ed1ab_0
  - pickleshare=0.7.5=py_1003
  - pip=24.0=pyhd8ed1ab_0
  - platformdirs=4.2.1=pyhd8ed1ab_0
  - prompt-toolkit=3.0.42=pyha770c72_0
  - psutil=5.9.8=py312he70551f_0
  - pure_eval=0.2.2=pyhd8ed1ab_0
  - pygments=2.17.2=pyhd8ed1ab_0
  - python=3.12.3=h2628c8c_0_cpython
  - python-dateutil=2.9.0=pyhd8ed1ab_0
  - python_abi=3.12=4_cp312
  - pywin32=306=py312h53d5487_2
  - pyzmq=26.0.2=py312hd7027bb_0
  - setuptools=69.5.1=pyhd8ed1ab_0
  - six=1.16.0=pyh6c4a22f_0
  - stack_data=0.6.2=pyhd8ed1ab_0
  - tk=8.6.13=h5226925_1
  - tornado=6.4=py312he70551f_0
  - traitlets=5.14.3=pyhd8ed1ab_0
  - typing_extensions=4.11.0=pyha770c72_0
  - ucrt=10.0.22621.0=h57928b3_0
  - vc=14.3=hcf57466_18
  - vc14_runtime=14.38.33130=h82b7239_18
  - vs2015_runtime=14.38.33130=hcb4865c_18
  - wcwidth=0.2.13=pyhd8ed1ab_0
  - wheel=0.43.0=pyhd8ed1ab_1
  - xz=5.2.6=h8d14728_0
  - zeromq=4.3.5=h63175ca_1
  - zipp=3.17.0=pyhd8ed1ab_0
  - pip:
      - annotated-types==0.6.0
      - authlib==1.3.0
      - blinker==1.7.0
      - certifi==2024.2.2
      - cffi==1.16.0
      - charset-normalizer==3.3.2
      - click==8.1.7
      - contourpy==1.2.1
      - cryptography==42.0.5
      - cycler==0.12.1
      - dill==0.3.8
      - dimod==0.12.14
      - diskcache==5.6.3
      - docplex==2.27.239
      - dwave-cloud-client==0.11.4
      - dwave-greedy==0.3.0
      - dwave-hybrid==0.6.11
      - dwave-inspector==0.5.0
      - dwave-neal==0.6.0
      - dwave-networkx==0.8.14
      - dwave-ocean-sdk==6.10.0
      - dwave-preprocessing==0.6.5
      - dwave-samplers==1.2.0
      - dwave-system==1.24.0
      - dwave-tabu==0.5.0
      - dwavebinarycsp==0.3.0
      - fasteners==0.19
      - flask==3.0.3
      - fonttools==4.51.0
      - homebase==1.0.1
      - idna==3.7
      - itsdangerous==2.2.0
      - jinja2==3.1.3
      - kiwisolver==1.4.5
      - markupsafe==2.1.5
      - matplotlib==3.8.4
      - minorminer==0.2.13
      - mpmath==1.3.0
      - networkx==3.3
      - numpy==1.26.4
      - orjson==3.10.1
      - pandas==2.2.2
      - pbr==6.0.0
      - penaltymodel==1.1.0
      - pillow==10.3.0
      - plucky==0.4.3
      - pycparser==2.22
      - pydantic==2.7.1
      - pydantic-core==2.18.2
      - pyparsing==3.1.2
      - pysocks==1.7.1
      - pytz==2024.1
      - qiskit==1.0.2
      - qiskit-algorithms==0.3.0
      - qiskit-optimization==0.6.1
      - rectangle-packer==2.0.2
      - requests==2.31.0
      - rustworkx==0.14.2
      - scipy==1.13.0
      - stevedore==5.2.0
      - symengine==0.11.0
      - sympy==1.12
      - tzdata==2024.1
      - urllib3==2.2.1
      - werkzeug==3.0.2
prefix: C:\Users\brenn\anaconda3\envs\dwave_env
